Conclusion:


eq_node_results: [794, 980, 1009, 905, 968, 892, 741, 969, 926, 1066, 846, 906, 841, 782, 1084, 800, 981, 935, 1003, 872, 839, 878, 1068, 1045, 932, 852, 874, 840, 771, 1044, 830, 864, 1005, 845, 893, 702, 870, 836, 860, 843, 923, 916, 1065, 788, 756, 847, 1010, 904, 809, 845, 913, 898, 1022, 976, 959, 857, 789, 969, 954, 949, 1034, 763, 782, 881, 837, 803, 959, 924, 922, 723, 666, 779, 782, 810, 693, 879, 848, 983, 949, 1019, 929, 818, 971, 942, 991, 954, 945, 911, 921, 903, 805, 953, 944, 892, 797, 947, 1049, 831, 844, 779]
diff_node_results: [951, 985, 828, 811, 834, 841, 783, 814, 881, 1067, 829, 807, 840, 940, 807, 918, 1026, 875, 728, 732, 914, 772, 848, 870, 752, 761, 894, 849, 935, 737, 910, 945, 855, 878, 792, 861, 940, 884, 999, 876, 898, 935, 771, 856, 671, 888, 730, 872, 936, 849, 941, 948, 840, 883, 931, 844, 925, 721, 785, 779, 791, 912, 995, 923, 879, 930, 662, 817, 873, 991, 910, 808, 909, 854, 810, 748, 909, 802, 888, 703, 803, 902, 809, 888, 824, 911, 723, 866, 885, 882, 884, 899, 1097, 930, 696, 925, 814, 911, 954, 972]
json
{
    "description": "Regular network test with small compare to epoch length lifetime",
    "distribution_data": {
        "different_node_params": {
            "deviation": 0.5,
            "down": {
                "mean": 10.0
            },
            "up": {
                "mean": 100.0
            }
        },
        "distribution_type": "poisson",
        "equal_node_params": {
            "down": {
                "mean": 10
            },
            "up": {
                "mean": 100
            }
        }
    },
    "epoch_length": 10000,
    "epochs_count": 100,
    "execution_model": {
        "params": {},
        "run_type": "SEQUENTIAL_EXECUTION_MODEL"
    },
    "graph_data": {
        "network_type": "SMALL_WORLD",
        "params": {
            "join_nearest_node_count": 5,
            "nodes_count": 100,
            "probability_of_rewiring": 0.5
        }
    },
    "id": "6cbd343d-d8c8-4cd6-aa83-28547e55474b"
}